gcc_size: 448
C: 0.643071584781752
L: 2.7034096356663473
C_rand: 0.0997494092626269
L_rand: 1.9106184084372004
sigma: 4.556287162866078
C_config: 0.3059439847187632
L_config: 2.25065526980506
sigma_config: 1.7499052072598877
is_small_world: True
is_small_world_config: True
